WQEWRGGH 33 1397955175700
WQEWRGGH 33 1397955175700
FASDDFGH 29 265280214823
FASDDFGH 29 265280214823
FFADSDFGFH 29 225291701185281
FFADSDFGFH 29 225291701185281
FASDDFGHFSDASFDFGDHFJGH 29 -4489770576056837632
FASDDFGHFSDASFDFGDHFJGH 29 -4489770576056837632
FASDDFGHFSDASFDFGDHFJGHSR 29 872144579230992128
146 7 83
ET 30 449
141 5 46
SDFG 29 694276
163 7 94
ASD 29 9235
144 5 49
G 17 16
144 5 49
WQEWRGGHET 33 1522373186337791
146 7 83
R 28 27
147 8 103
150 6 66
146 7 83
163 7 94
144 5 49
141 5 46
163 7 94
146 7 83
144 5 49
146 7 83
147 8 103
144 5 49
150 6 66
146 7 83
152 6 68
147 8 103
150 6 66
163 7 94
162 7 93
ET 30 449
SDFG 29 694276
ASD 29 9235
G 17 16
1313 4 119
1301 4 113
1211 3 49
1313 4 119
1302 4 114
1213 4 103
1213 4 103
1220 3 51
1211 3 49
1310 4 116
R 28 27